1 0.32969 0.864951 0.442481 0.26872
1 0.888771 0.959962 0.199957 0.0788129
0 0.551606 0.897314 0.143222 0.204566
0 0.617206 0.901239 0.0646708 0.196292
0 0.64624 0.907577 0.124476 0.183958
0 0.564001 0.924404 0.187678 0.150907
1 0.1193 0.867844 0.237693 0.264312
1 0.767071 0.951051 0.144949 0.0977018
1 0.76057 0.947901 0.15634 0.103956
1 0.7697 0.953762 0.129889 0.091957
1 0.773441 0.953877 0.145182 0.0915301
1 0.770128 0.953061 0.131599 0.0937417
1 0.773335 0.953974 0.129704 0.0913616
0 0.25183 0.0427333 0.0578317 0.0854667
1 0.878549 0.926365 0.211587 0.145968
1 0.519083 0.938612 0.214783 0.121844
1 0.672377 0.861349 0.352343 0.277302
1 0.680637 0.846183 0.411233 0.307635
1 0.457027 0.875004 0.374793 0.249992
1 0.822845 0.84261 0.351487 0.31478
1 0.134215 0.881116 0.26843 0.237768
1 0.0573609 0.942309 0.112367 0.115276
1 0.0593227 0.94884 0.116031 0.102115
