0 0.548973 0.494058 0.116172 0.101403
0 0.54471 0.494686 0.109086 0.101823
0 0.545381 0.496316 0.107299 0.0998203
0 0.548725 0.492929 0.110486 0.10627
0 0.552935 0.490312 0.11077 0.108576
0 0.556225 0.490522 0.110581 0.113644
0 0.554742 0.488033 0.106659 0.114498
0 0.551568 0.487233 0.102184 0.114492
0 0.555342 0.485501 0.110584 0.113505
0 0.555519 0.483602 0.109867 0.112835
0 0.559162 0.482486 0.115849 0.114759
4 0.566516 0.540142 0.225175 0.0333372
0 0.56015 0.480851 0.119718 0.117232
4 0.565983 0.541961 0.232492 0.0352039
0 0.557436 0.482287 0.114152 0.114788
4 0.569786 0.543663 0.252418 0.0366101
0 0.558347 0.484306 0.118097 0.11349
4 0.576564 0.545618 0.265113 0.0366877
0 0.556297 0.485156 0.120568 0.114938
0 0.555519 0.487248 0.115686 0.116321
4 0.569914 0.557087 0.261302 0.0465755
0 0.554452 0.490367 0.115979 0.118477
4 0.57315 0.56405 0.253366 0.0453321
0 0.553852 0.494759 0.116292 0.118715
4 0.559964 0.564606 0.248495 0.0476169
0 0.54781 0.495299 0.117787 0.120985
4 0.558031 0.567868 0.243574 0.0447955
0 0.54442 0.494997 0.120898 0.120786
0 0.536201 0.493023 0.123151 0.121335
0 0.533692 0.492465 0.12469 0.123557
0 0.53243 0.494891 0.123478 0.129024
4 0.535447 0.57081 0.2434 0.042532
0 0.530304 0.496026 0.122038 0.131523
0 0.529646 0.495316 0.120443 0.130607
4 0.53022 0.570376 0.239389 0.039061
0 0.529461 0.494324 0.123242 0.129615
4 0.521296 0.56787 0.236028 0.0410662
0 0.524594 0.493777 0.124205 0.135662
0 0.529643 0.494142 0.133253 0.137471
3 0.569001 0.781941 0.27135 0.0748335
2 0.52829 0.566608 0.269073 0.0439915
0 0.528035 0.494237 0.131014 0.140328
3 0.564818 0.78959 0.26391 0.0819426
0 0.523677 0.495567 0.122293 0.13871
2 0.512551 0.570699 0.248326 0.0442051
0 0.520869 0.496692 0.130527 0.142399
0 0.518569 0.500762 0.132835 0.140133
2 0.523807 0.577179 0.273271 0.0448849
0 0.521812 0.503535 0.127763 0.145371
2 0.521929 0.58345 0.281099 0.0476801
0 0.52276 0.512436 0.127331 0.14845
2 0.524347 0.590224 0.290932 0.0482649
4 0.516562 0.591724 0.290671 0.0466156
2 0.516861 0.59373 0.272364 0.0507503
0 0.527274 0.515397 0.131394 0.148046
0 0.525727 0.516046 0.130386 0.145758
2 0.514296 0.594439 0.269071 0.0507534
0 0.527733 0.518147 0.132777 0.147925
2 0.512138 0.598134 0.273695 0.0531532
0 0.530285 0.522965 0.129819 0.150597
2 0.518461 0.605817 0.283503 0.0446745
0 0.532828 0.523053 0.135076 0.156493
4 0.515824 0.610293 0.289551 0.0427191
0 0.535541 0.523443 0.139236 0.159868
4 0.515747 0.61272 0.294873 0.0435693
2 0.523232 0.610311 0.280816 0.0432903
0 0.542225 0.52317 0.150444 0.1634
4 0.524051 0.612799 0.305046 0.044591
2 0.527703 0.610621 0.296849 0.0444828
0 0.546832 0.522243 0.15979 0.166507
2 0.529791 0.609621 0.297441 0.0473722
0 0.551783 0.521631 0.169562 0.166193
2 0.516116 0.608382 0.328835 0.0524819
0 0.547011 0.521363 0.178351 0.165772
2 0.523704 0.613404 0.308733 0.0481142
4 0.529065 0.616534 0.306264 0.0431444
0 0.543091 0.523252 0.172366 0.170559
0 0.533486 0.523141 0.167303 0.174035
3 0.539545 0.906976 0.280721 0.113756
2 0.526294 0.618188 0.290684 0.049614
0 0.531642 0.521761 0.166056 0.178842
2 0.513428 0.616218 0.299343 0.0516341
0 0.529268 0.523845 0.164775 0.181774
2 0.51138 0.61623 0.30359 0.0548552
0 0.517206 0.527466 0.156976 0.177518
2 0.502399 0.621129 0.300419 0.0543901
0 0.503837 0.529558 0.161138 0.18646
2 0.485815 0.628325 0.315729 0.0555099
4 0.482739 0.627827 0.353613 0.0585006
2 0.484084 0.633722 0.320903 0.055863
0 0.496131 0.532526 0.164322 0.19002
4 0.482776 0.636515 0.35011 0.0591334
2 0.477899 0.636507 0.33003 0.0570224
0 0.496534 0.534841 0.177521 0.193558
2 0.476526 0.636117 0.336448 0.0629721
0 0.495035 0.532873 0.181572 0.199919
2 0.475276 0.636095 0.351009 0.0633897
0 0.494228 0.530907 0.187304 0.205763
4 0.468264 0.63775 0.383729 0.0640776
2 0.472934 0.636957 0.349968 0.0657471
0 0.495003 0.532253 0.183642 0.209927
2 0.472713 0.638415 0.352911 0.0680099
0 0.493419 0.526879 0.194563 0.218829
0 0.47892 0.529317 0.21397 0.224798
2 0.466687 0.642406 0.361676 0.0758932
4 0.463504 0.642386 0.372228 0.0717272
0 0.471827 0.525779 0.220302 0.229311
2 0.474728 0.650076 0.386338 0.069375
4 0.459796 0.655617 0.409591 0.0605402
0 0.485383 0.527352 0.223192 0.234006
4 0.482264 0.658425 0.413802 0.0594181
0 0.480253 0.526841 0.226328 0.239203
4 0.472577 0.658979 0.448871 0.0638718
0 0.470726 0.527218 0.232216 0.242531
4 0.454064 0.661894 0.458439 0.0684822
0 0.460649 0.527027 0.230208 0.252343
4 0.437159 0.662029 0.462838 0.07416
0 0.448167 0.527298 0.225982 0.259223
4 0.432768 0.664979 0.457284 0.0749499
0 0.453097 0.531129 0.236103 0.261362
2 0.436982 0.673909 0.462321 0.0761574
0 0.462425 0.539573 0.256878 0.269949
4 0.432279 0.684563 0.470429 0.0780603
0 0.459512 0.550977 0.255243 0.268714
4 0.432673 0.700136 0.46716 0.0713541
0 0.453648 0.560655 0.247728 0.276372
2 0.419513 0.711339 0.495179 0.0743681
4 0.437119 0.72724 0.479092 0.0745056
0 0.456207 0.569093 0.251067 0.286125
4 0.435924 0.742976 0.499574 0.0841777
0 0.463192 0.579993 0.249391 0.28979
0 0.470513 0.590115 0.271146 0.303023
0 0.487424 0.591365 0.280983 0.30525
0 0.519541 0.599159 0.335386 0.319149
0 0.514272 0.602345 0.313895 0.326407
0 0.492061 0.605117 0.287796 0.338561
4 0.501722 0.793842 0.489547 0.0919521
0 0.495207 0.603301 0.343847 0.357575
4 0.462355 0.799993 0.535542 0.0980844
0 0.486652 0.600349 0.347276 0.369395
4 0.428745 0.800445 0.56916 0.0913181
0 0.496215 0.597335 0.361608 0.374438
4 0.411059 0.800014 0.58463 0.0890854
0 0.484541 0.593284 0.384382 0.384449
4 0.407476 0.802049 0.614242 0.0917476
0 0.474517 0.596038 0.367765 0.378987
4 0.387557 0.802314 0.618481 0.0905708
0 0.465116 0.599677 0.361399 0.384343
4 0.372763 0.805766 0.591251 0.0944107
0 0.444316 0.621903 0.354381 0.461044
0 0.419111 0.611561 0.373386 0.39206
2 0.338903 0.828545 0.56611 0.089341
0 0.396504 0.614484 0.381567 0.40511
2 0.302489 0.844463 0.597716 0.090415
0 0.382159 0.638276 0.387937 0.407656
0 0.366624 0.662471 0.382394 0.479028
2 0.285192 0.878798 0.570384 0.107982
0 0.348353 0.674643 0.404095 0.445432
0 0.305723 0.673685 0.40731 0.451086
0 0.290583 0.729264 0.430853 0.541472
0 0.273822 0.695872 0.443251 0.499159
0 0.244433 0.718251 0.488865 0.554467
0 0.239029 0.73376 0.478058 0.529677
0 0.234675 0.731865 0.46935 0.524684
0 0.226585 0.733782 0.453171 0.532435
0 0.209787 0.728881 0.419573 0.538228
0 0.188941 0.728734 0.377881 0.538477
0 0.181367 0.728875 0.362735 0.539422
0 0.180574 0.730764 0.361149 0.536803
0 0.198352 0.748545 0.396703 0.502911
0 0.226167 0.749926 0.452334 0.500148
0 0.885733 0.293115 0.228535 0.576844
0 0.243488 0.724041 0.486976 0.550859
0 0.2317 0.730641 0.463399 0.538718
0 0.252845 0.736726 0.426139 0.526549
0 0.273295 0.739868 0.419325 0.51977
0 0.876751 0.300457 0.246498 0.587447
0 0.287577 0.735416 0.420533 0.527511
0 0.873019 0.300406 0.253962 0.587741
0 0.299756 0.733473 0.428802 0.528093
0 0.872986 0.295344 0.254027 0.578841
0 0.323467 0.733469 0.428755 0.53005
0 0.87359 0.294944 0.25282 0.581557
0 0.338024 0.731643 0.43029 0.533881
0 0.875246 0.294659 0.249508 0.582034
0 0.354057 0.729278 0.429039 0.536988
0 0.402123 0.730311 0.448675 0.536385
0 0.422446 0.727405 0.441095 0.538251
0 0.445212 0.732024 0.452542 0.53327
0 0.468474 0.731164 0.423655 0.537361
0 0.508929 0.738996 0.441099 0.520386
0 0.538028 0.735887 0.456329 0.527487
0 0.562301 0.733203 0.424436 0.533593
0 0.580304 0.730411 0.456302 0.539178
0 0.567303 0.743346 0.414666 0.513307
0 0.572002 0.747932 0.452514 0.503461
0 0.579979 0.752043 0.44104 0.495913
0 0.586483 0.755432 0.475333 0.489135
0 0.56353 0.759168 0.561903 0.481665
0 0.58428 0.769495 0.596257 0.46098
0 0.589895 0.772722 0.661349 0.454557
0 0.582527 0.774124 0.639321 0.451753
0 0.566242 0.77474 0.630874 0.45052
0 0.543207 0.771491 0.575352 0.457019
0 0.528288 0.76739 0.64844 0.465219
0 0.503119 0.755387 0.608259 0.489226
0 0.502844 0.747327 0.587642 0.503995
0 0.479255 0.748494 0.601761 0.502209
0 0.450509 0.751844 0.654178 0.496313
0 0.454004 0.752023 0.492845 0.495954
0 0.490831 0.765351 0.559081 0.469192
0 0.437166 0.772973 0.427501 0.454054
0 0.262744 0.766553 0.525489 0.466894
0 0.47733 0.769359 0.670663 0.460392
0 0.257949 0.766382 0.515897 0.467236
0 0.268994 0.767101 0.537989 0.465799
0 0.282097 0.766728 0.564195 0.466544
0 0.399547 0.769667 0.773717 0.460665
0 0.296715 0.767649 0.543894 0.464701
0 0.292693 0.768618 0.567615 0.462764
0 0.308541 0.766434 0.554097 0.467132
0 0.337717 0.906847 0.179695 0.183222
0 0.400332 0.882753 0.203466 0.233857
0 0.389515 0.757188 0.416102 0.485004
0 0.42395 0.75934 0.496946 0.48132
0 0.432407 0.761282 0.465269 0.477436
0 0.436237 0.769398 0.44766 0.461204
0 0.412752 0.768209 0.461824 0.463352
0 0.404101 0.769196 0.483722 0.461608
0 0.379823 0.767863 0.501557 0.464274
0 0.396653 0.821667 0.579909 0.355239
0 0.345721 0.784285 0.478207 0.431431
0 0.310436 0.744252 0.520669 0.480514
